r1_pop,1,-0.745985,0.0703246,-0.79634,0.795822,-0.00508203,-0.144931,-0.0423651,0.0646214,-0.0984965,0.0491073,-0.146254,0.146102,0,0,0,0,0,0,0,0,0,0,0,0,0
beta_r1_dose1Type_Pfizer,-0.745985,1,-0.0668576,0.581084,-0.616301,0.0888785,0.00343381,-0.152643,-4.93471e-05,-0.0625903,0.0288787,-0.127263,0.127235,0,0,0,0,0,0,0,0,0,0,0,0,0
beta_r1_isConvalesced_Yes,0.0703246,-0.0668576,1,-0.150512,0.151824,-0.154543,0.01563,0.0281549,-0.135301,0.00558311,0.162318,-0.0048596,-0.00492348,0,0,0,0,0,0,0,0,0,0,0,0,0
r2_pop,-0.79634,0.581084,-0.150512,1,-0.997873,0.00395277,0.114768,0.136513,-0.0405487,0.188795,-0.0931633,0.108521,-0.108383,0,0,0,0,0,0,0,0,0,0,0,0,0
beta_r2_dose1Type_Pfizer,0.795822,-0.616301,0.151824,-0.997873,1,-0.0135922,-0.0909991,-0.121818,0.0283524,-0.158805,0.0763828,-0.101274,0.101139,0,0,0,0,0,0,0,0,0,0,0,0,0
beta_r2_isConvalesced_Yes,-0.00508203,0.0888785,-0.154543,0.00395277,-0.0135922,1,-0.101748,-0.183114,0.324915,-0.153784,0.482874,-0.0120401,0.0112895,0,0,0,0,0,0,0,0,0,0,0,0,0
r3_pop,-0.144931,0.00343381,0.01563,0.114768,-0.0909991,-0.101748,1,0.354402,-0.524008,0.788609,-0.44391,0.0182871,-0.0183204,0,0,0,0,0,0,0,0,0,0,0,0,0
beta_r3_dose1Type_Pfizer,-0.0423651,-0.152643,0.0281549,0.136513,-0.121818,-0.183114,0.354402,1,-0.14452,0.630466,-0.290988,0.0496425,-0.0497471,0,0,0,0,0,0,0,0,0,0,0,0,0
beta_r3_isConvalesced_Yes,0.0646214,-4.93471e-05,-0.135301,-0.0405487,0.0283524,0.324915,-0.524008,-0.14452,1,-0.395872,0.711673,-0.00585566,0.00647447,0,0,0,0,0,0,0,0,0,0,0,0,0
r4_pop,-0.0984965,-0.0625903,0.00558311,0.188795,-0.158805,-0.153784,0.788609,0.630466,-0.395872,1,-0.546424,0.0227443,-0.0228085,0,0,0,0,0,0,0,0,0,0,0,0,0
beta_r4_isConvalesced_Yes,0.0491073,0.0288787,0.162318,-0.0931633,0.0763828,0.482874,-0.44391,-0.290988,0.711673,-0.546424,1,-0.00821521,0.00765549,0,0,0,0,0,0,0,0,0,0,0,0,0
A0_pop,-0.146254,-0.127263,-0.0048596,0.108521,-0.101274,-0.0120401,0.0182871,0.0496425,-0.00585566,0.0227443,-0.00821521,1,-0.999321,0,0,0,0,0,0,0,0,0,0,0,0,0
beta_A0_isConvalesced_Yes,0.146102,0.127235,-0.00492348,-0.108383,0.101139,0.0112895,-0.0183204,-0.0497471,0.00647447,-0.0228085,0.00765549,-0.999321,1,0,0,0,0,0,0,0,0,0,0,0,0,0
omega_r1,0,0,0,0,0,0,0,0,0,0,0,0,0,1,-0.630576,-0.144347,-0.0913855,0.369715,0.029695,-0.25764,-0.00618905,-0.00896541,-0.0103813,-0.000846264,-0.0970228,0.0487984
corr_r2_r1,0,0,0,0,0,0,0,0,0,0,0,0,0,-0.630576,1,0.368456,0.550842,-0.675238,-0.16162,0.0807269,-0.0324021,-0.021803,0.0848896,0.0013768,0.0576609,-0.055953
corr_r3_r1,0,0,0,0,0,0,0,0,0,0,0,0,0,-0.144347,0.368456,1,0.545582,-0.275819,0.194229,-0.317698,0.519484,0.531155,0.378697,0.00165906,0.000829834,-0.0218419
corr_r4_r1,0,0,0,0,0,0,0,0,0,0,0,0,0,-0.0913855,0.550842,0.545582,1,-0.598956,-0.213488,-0.599353,-0.162675,-0.165476,-0.10387,0.00136973,0.020816,-0.0114748
omega_r2,0,0,0,0,0,0,0,0,0,0,0,0,0,0.369715,-0.675238,-0.275819,-0.598956,1,0.365591,0.264869,0.185788,0.208469,0.277538,-0.00126192,-0.0932255,0.0330484
corr_r3_r2,0,0,0,0,0,0,0,0,0,0,0,0,0,0.029695,-0.16162,0.194229,-0.213488,0.365591,1,0.480844,0.763483,0.763664,0.516756,0.000951147,-0.0461047,0.0112146
corr_r4_r2,0,0,0,0,0,0,0,0,0,0,0,0,0,-0.25764,0.0807269,-0.317698,-0.599353,0.264869,0.480844,1,0.197814,0.216817,0.258557,-0.000870083,0.0204257,-0.0105919
omega_r3,0,0,0,0,0,0,0,0,0,0,0,0,0,-0.00618905,-0.0324021,0.519484,-0.162675,0.185788,0.763483,0.197814,1,0.988854,0.64899,0.00165929,-0.039672,-0.0102149
corr_r4_r3,0,0,0,0,0,0,0,0,0,0,0,0,0,-0.00896541,-0.021803,0.531155,-0.165476,0.208469,0.763664,0.216817,0.988854,1,0.730052,0.0015602,-0.0437856,-0.00912208
omega_r4,0,0,0,0,0,0,0,0,0,0,0,0,0,-0.0103813,0.0848896,0.378697,-0.10387,0.277538,0.516756,0.258557,0.64899,0.730052,1,-0.00019683,-0.111257,-0.0055649
omega_A0,0,0,0,0,0,0,0,0,0,0,0,0,0,-0.000846264,0.0013768,0.00165906,0.00136973,-0.00126192,0.000951147,-0.000870083,0.00165929,0.0015602,-0.00019683,1,-0.00596906,-0.0198186
a,0,0,0,0,0,0,0,0,0,0,0,0,0,-0.0970228,0.0576609,0.000829834,0.020816,-0.0932255,-0.0461047,0.0204257,-0.039672,-0.0437856,-0.111257,-0.00596906,1,-0.0846555
b,0,0,0,0,0,0,0,0,0,0,0,0,0,0.0487984,-0.055953,-0.0218419,-0.0114748,0.0330484,0.0112146,-0.0105919,-0.0102149,-0.00912208,-0.0055649,-0.0198186,-0.0846555,1
